+1(089)7543010
+1(541)3513888
+1(089)1534543
+1(541)4531244
+1(415)3289757
+1(089)6354387
+1(089)4538778
+1(541)4538783
+1(089)1234567
+1(415)7354387
+1(541)5438734
+1(415)4538777
+1(089)7777987
+1(415)8345377
+1(541)3488886
+1(089)5434537
+1(541)5437834
+1(541)3345378
+1(541)4538777
+1(089)5434538
+1(541)5438735
+1(541)4537833
+1(089)4538783
+1(415)8793314
+1(415)4538883
+1(541)5437345
+1(541)4373888
+1(415)5437911
+1(089)5467132
+1(089)7837313
+1(089)4537766
+1(541)4532137
+1(541)4537889
+1(541)5437542
+1(089)4545677
+1(541)8796445
+1(415)7868345
+1(415)4534537
+1(541)4537898
+1(541)4567544
+1(089)3245788
+1(541)1744554
+1(541)2571755
+1(541)7185868
+1(089)2572744
+1(541)5728747
+1(415)8793577
+1(089)7172828
+1(541)6297244
+1(541)1572575
+1(089)9639644
+1(541)4272527
+1(089)7282825
+1(415)7976741
+1(541)8972785